<?xml version="1.0"?>
<opencv_storage>
<intrinsic_matrix type_id="opencv-matrix">
  <rows>3</rows>
  <cols>3</cols>
  <dt>d</dt>
  <data>
    8.4876818145171928e+03 0. 4.7919061518612585e+02 0.
    4.9962860029361018e+03 3.8439326995354162e+02 0. 0. 1.</data></intrinsic_matrix>
<distortion_coeffs type_id="opencv-matrix">
  <rows>1</rows>
  <cols>5</cols>
  <dt>d</dt>
  <data>
    -1.0405194834365849e+01 1.3015258766883053e+03
    -3.3442872607898258e-02 1.4229271650509710e-02
    -1.0784073280369952e+00</data></distortion_coeffs>
<imageSize>
  960 720</imageSize>
</opencv_storage>
