<?xml version="1.0"?>
<opencv_storage>
<intrinsic_matrix type_id="opencv-matrix">
  <rows>3</rows>
  <cols>3</cols>
  <dt>d</dt>
  <data>
    5.4605580906159748e+03 0. 5.4157769768072069e+02 0.
    3.7486018500736645e+03 3.1856137694713010e+02 0. 0. 1.</data></intrinsic_matrix>
<distortion_coeffs type_id="opencv-matrix">
  <rows>1</rows>
  <cols>5</cols>
  <dt>d</dt>
  <data>
    2.9101140191979813e-01 -7.3575437203947160e+02
    1.5370784259172326e-01 -6.2556868650312861e-02
    1.2202913496493831e+04</data></distortion_coeffs>
<imageSize>
  960 720</imageSize>
</opencv_storage>
