<?xml version="1.0"?>
<opencv_storage>
<intrinsic_matrix type_id="opencv-matrix">
  <rows>3</rows>
  <cols>3</cols>
  <dt>d</dt>
  <data>
    6.5259743410024948e+03 0. 3.5790776374124954e+02 0.
    4.2015146409592317e+03 5.1082543839009827e+02 0. 0. 1.</data></intrinsic_matrix>
<distortion_coeffs type_id="opencv-matrix">
  <rows>1</rows>
  <cols>5</cols>
  <dt>d</dt>
  <data>
    -6.9961930872233937e+00 3.2350968825323303e+00
    -3.6043572647430683e-01 1.2340235203943879e-01
    3.0683891768982903e+03</data></distortion_coeffs>
<imageSize>
  960 720</imageSize>
</opencv_storage>
